%%%%%%%%%%%%%%%%%%%%%%%%%%%%%%%%%%%%%%%%%%%%%%%%%%%
%%% opw_parameter = [a1, a2, b, c1, c2, c3, c4] %%%
%%%%%%%%%%%%%%%%%%%%%%%%%%%%%%%%%%%%%%%%%%%%%%%%%%%

% ABB IRB 2400/10
irb2400 = [100, -135, 0, 615, 705, 755, 85];

% Adept Viper s650
viper_s650 = [75, -90, 0, 335, 270, 295, 80];

% Epson C3
epson_c3 = [100, 0, 0, 320, 250, 250, 65];

% Fanuc R200iB/200R
fanuc_r200ib = [720, -225, 0, 600, 1075, 1280, 235];

% Kuka KR 270
kuka_kr270 = [750, -41, 0, 590, 1150, 1000, 240];

% Kuka KR 6 R700 sixx
kuka_kr6r700sixx = [25, -35, 0, 400, 315, 365, 80];

% Kuka youBot Arm
youbot = [33, 0, 0, 147, 155, 135, 217.5];

% Katana 450 6M180
katana450 = [0, 0, 0, 201.5, 190, 139, 188.3];

% Schunk Powerball LWA
powerball = [0, 0, 0, 205, 350, 305, 75];

% Stäubli TX40
staeubli_tx40 = [0, 0, 35, 320, 225, 225, 65]; 

% Unimation Puma 560
puma560 = [0, -20.32, 149.09, 660.4, 431.8, 433.07, 56.25];

% Own robot with [a1, a2, b1, c1, c2, c3, c4]
% ownrob = [100, 0, 0, 200, 220, 180, 70];